Media do Uso Total(bytes): 169094.93333333332
IC:[167659.99252357663; 170529.87414309]
Variancia: 14770751.926436782; Mediana: 168996.0
Media do Pico de Alocação(bytes): 37894.933333333334
IC:[36459.99252357663; 39329.87414309004]
Variancia: 14770751.926436782; Mediana: 37796.0
Média do Pico da Pilha de Execução(bytes): 2157.866666666667
IC:[1769.9285981744113; 2545.804735158922]
Variancia: 1079591.4298850575; Mediana: 2768.0
