Media do Uso Total(bytes): 330829.06666666665
IC:[327607.3067245739; 334050.8266087594]
Variancia: 74459649.02988505; Mediana: 330620.0
Media do Pico de Alocação(bytes): 68371.46666666666
IC:[65163.606780897186; 71579.32655243613]
Variancia: 73818533.2229885; Mediana: 68220.0
Média do Pico da Pilha de Execução(bytes): 2474.133333333333
IC:[2174.5185480932396; 2773.748118573427]
Variancia: 643963.291954023; Mediana: 2768.0
