Média de Tempo de Execução(seg): 0.3783666666666667
IC:[0.3633078971219731; 0.3934254362113603]
Variancia: 0.0016267229885057477; Mediana: 0.366
