Média de Tempo de Execução(seg): 0.7288333333333333
IC:[0.7224667961915896; 0.7351998704750771]
Variancia: 0.00029076436781609247; Mediana: 0.7255
