Média de Tempo de Execução(seg): 1.3548333333333333
IC:[1.3424459417524879; 1.3672207249141788]
Variancia: 0.0011007643678160905; Mediana: 1.3519999999999999
