Média de Tempo de Execução(seg): 0.5251333333333333
IC:[0.5203171462788996; 0.5299495203877671]
Variancia: 0.00016639540229885087; Mediana: 0.525
