Média de Tempo de Execução(seg): 0.6227
IC:[0.6180831451396298; 0.6273168548603703]
Variancia: 0.00015290689655172442; Mediana: 0.62
