Média de Tempo de Execução(seg): 2.6639666666666666
IC:[2.6464682046300054; 2.6814651287033278]
Variancia: 0.0021965160919540233; Mediana: 2.6574999999999998
