Média de Tempo de Execução(seg): 0.5247333333333334
IC:[0.5087631986760056; 0.5407034679906612]
Variancia: 0.001829581609195403; Mediana: 0.5105
